$ANSIBLE_VAULT;1.1;AES256
30636433613032643539616465373561353738393031376266333262343132623134303335363561
6236353536353932363838646133666364383261396134340a623765373065656235643431313136
62623737613434346130643235653565313435343330613131663234383133613638383965343538
6235376333316335620a353062333237636337656333636363643038303763383663366263316532
35363037303830363730333736356635363164613838623961616431316130663834313733363665
65666462323662356531633739646631386339303566353738336338613765613336653036333262
33363132303938353932656162623333326465333663316232333466616262666536343933393438
65386334643130333235303364336162383164326264313234313533376265343435323862343762
63646539313162643130663734616439346666366134653235313263353432643533306334626161
65663335306263306130626632623131653466636262356465383164663333353139636633366361
63393061623435306261373931653532316262306432386137623430646635643761353765303035
39343236303535653233383662663639626634323630616538313033303834323261373164303663
33616139663164393863323532663933663063633935646431326664353537386339333266613630
39366133363935356331323038383935383930333139366232306535323965346263326237616162
34316633353535326636656531303432333734643530356239383635333733656136653965623131
34363933613234326531373565653665383163393937363732646235623132616634643634383431
36373866323637333065353932303634316335313631643462666337633934663338346639623138
65333565313333616463366632303331663739313766383338623332326334366533653934613061
38323561343839373137393634333036336565626261363033666631623436353366396133373265
62633063343037336663636466383365653230656433663363356663336166326463666532386462
66636631346133333663333337396162386635623833646665366131316662353662396537333036
31326133306166336565636431363036373431376636663366653663633034376538313765323965
35396636666539323535653232383631626436323061633837353865636365316465666439373464
37326337616364333734653936626261613264306538633735636131353832613764326463313631
66323830653033333034356361616162323436343438646533313065313937323030373535633764
64363162666564633432643833613930363931336161393238346438643535623832393261376431
61303066303531353738346136323563343539306633333663313239656261613534613032303732
37633737343939636132643937393130626331396263623565386230306532626232623531323830
39383563346262653761333034646338326337643232666331636231393537613339363338393835
37356366393830616236353762663963363262663336353064376666633138376531313466343362
61666465653335393334386434643936376235326634623431653134643230633433666465663432
36353538346339366331363834343864303838616539326138633233653139643263386434326364
34346562323464633732616566323036316166346565366463613161363136633639656534633036
31353937336565376663353764373933346465353664313364393738626338383233313234636532
66666631383166383932326163393736333338643932646334653730346537383334323463303233
35636661396166313632653865313939623162306266653135396637313934386365653937643639
34396664373062386135653337633432633730383639623661353463663837313839313430376432
3634343337616431616434383365396339666633313530306435
